Hill_Valley
Mos_Eisley
Hogsmeade
Metropolis
Hobbiville
Camelot
Smallville
Paperopoli
Atlantide
Gotham
Eldorado
Biancavilla
Roma
Diagon_Alley
0 0 498 442 421 4842 561 3836 331 742 228 1225 711 705 380 5441 983 7829 518 2628 692 5284 1 5993 618 8954 453 4176 
137 1639 0 0 745 6096 766 5367 691 3073 124 803 712 610 717 116 420 4236 926 6912 315 7266 725 3972 729 675 958 4522 
436 7335 329 4736 0 0 474 116 777 4434 504 227 252 2352 298 3670 867 1152 995 2102 351 3706 148 8494 849 5475 934 1757 
582 2908 196 8756 296 9333 0 0 931 3896 628 4839 150 6189 818 4785 922 9539 552 2435 418 5331 164 2591 433 2348 817 4461 
808 6287 726 2710 653 309 381 9559 0 0 294 5745 502 1857 897 372 155 9971 716 6840 91 4022 649 5577 483 1232 574 3846 
462 3578 100 7674 213 4589 868 142 441 7542 0 0 899 4616 664 2887 920 1542 131 4291 292 2371 671 1364 317 8578 133 7213 
275 8630 193 5595 470 3572 34 783 85 1182 991 3831 0 0 375 6586 120 4386 141 2391 453 5496 451 988 451 671 129 9274 
124 9194 232 5110 95 1864 837 21 842 2065 43 5952 525 2035 0 0 86 2471 721 2782 304 6193 211 581 773 3454 801 5524 
519 3326 964 1138 36 5245 643 6228 347 3522 327 2645 657 4868 604 4814 0 0 161 3524 201 198 537 6389 316 9562 919 155 
619 3099 184 8416 705 8078 442 9991 170 4136 790 4182 256 4635 506 253 716 7666 0 0 534 8725 571 8460 863 7719 846 5619 
146 8766 716 4390 38 9523 170 4415 867 508 118 34 284 7440 174 9423 435 5013 480 9917 0 0 7 665 173 1118 253 3756 
860 8381 963 3771 475 6837 194 4819 133 3035 810 8311 897 7259 536 5903 606 4434 351 8797 9 2849 0 0 805 4053 705 9610 
121 5242 683 2173 891 6587 619 2592 640 4940 297 1873 437 4708 303 1713 112 1330 3 4028 918 5962 635 2305 0 0 738 7856 
622 5237 821 2269 562 3948 423 6945 45 1408 574 8699 115 1646 365 632 863 9011 582 8130 676 2732 871 4797 337 5024 0 0 
